2 2 1 0 1 2 2 2 0 0 7 2 12 3 0
4 3 2 0 0 8 1 1 1 1 4 3 18 7 0
1 4 3 1 3 5 2 1 1 0 5 4 17 0 0
3 1 3 1 1 7 0 1 0 0 7 6 9 1 0
2 1 4 2 1 8 5 0 1 1 7 2 14 4 0
5 5 1 1 2 8 3 1 0 0 16 7 8 5 0
2 7 3 1 11 5 3 0 1 1 3 2 16 7 0
3 3 0 0 3 10 4 1 0 0 7 1 16 3 0
1 2 6 0 1 4 4 1 0 1 11 5 20 3 0
2 6 6 0 3 3 5 2 1 0 9 5 14 3 0
2 9 2 2 2 2 7 1 0 0 8 3 14 3 0
6 3 7 0 2 11 5 1 0 0 12 1 13 5 0
1 5 3 0 2 10 1 0 1 0 8 2 9 2 0
0 3 2 1 1 1 2 1 0 3 7 4 14 1 2
3 5 4 2 1 9 5 1 0 0 4 1 9 2 0
2 2 4 1 1 8 3 1 0 0 4 4 9 4 1
2 2 4 1 2 10 3 0 1 1 8 4 14 5 0
1 4 1 2 0 8 2 0 1 1 4 4 13 5 0
2 2 5 0 1 5 1 1 0 0 1 3 18 4 0
1 8 1 0 1 6 1 1 0 1 4 3 12 3 0
1 6 2 2 1 7 6 0 0 1 4 1 10 5 1
3 2 1 0 0 3 0 0 0 0 9 5 12 5 1
0 4 4 1 0 6 3 0 1 0 9 4 10 3 0
4 3 2 0 0 9 4 0 0 1 6 4 11 5 0
2 4 1 0 0 7 1 1 3 2 9 2 9 2 2
1 3 1 1 4 5 3 1 1 0 7 1 10 2 0
0 8 5 2 1 5 2 3 1 0 9 2 15 2 0
2 4 2 0 1 11 6 0 1 0 3 3 16 4 1
1 4 5 0 0 6 1 1 3 0 7 5 17 1 0
1 1 5 0 2 9 3 5 1 1 6 3 15 5 1
0 5 2 0 2 5 3 0 1 0 7 2 18 3 1
3 1 6 1 2 8 5 1 3 1 7 4 9 2 2
0 0 1 0 2 7 3 0 1 0 14 1 10 3 0
4 8 0 0 0 10 1 1 0 0 9 0 7 4 0
1 7 2 0 0 7 3 0 0 1 10 0 14 6 2
1 0 1 1 1 6 7 1 0 1 9 0 14 2 0
1 1 3 0 2 7 1 0 0 0 8 1 9 4 1
3 5 4 3 3 4 2 1 3 0 3 0 19 2 0
1 2 2 0 0 3 2 0 0 2 7 3 13 5 1
5 5 2 0 0 3 2 2 5 2 5 6 16 2 0
5 7 5 0 4 10 3 3 1 0 7 0 29 4 0
1 5 1 2 1 10 5 2 0 1 10 2 10 0 0
1 5 1 2 3 7 2 1 0 0 8 4 18 5 0
1 3 1 0 1 4 0 1 1 0 3 4 17 0 3
53 107 59 10 37 145 74 25 19 19 219 78 316 103 16
67 98 63 14 28 132 87 23 16 17 159 76 268 81 6
27 33 19 6 18 72 47 9 17 6 74 36 155 47 7
4 8 6 0 0 6 3 0 0 0 6 2 12 6 0
0 6 2 0 3 6 0 0 1 1 6 1 16 7 0
3 4 2 1 0 5 6 2 0 0 10 2 20 3 0
3 1 1 1 0 7 2 1 0 0 6 4 11 1 0
0 4 3 0 1 5 4 0 2 0 6 4 14 4 1
3 3 3 1 3 8 2 3 2 0 5 2 8 5 0
1 8 2 0 1 8 1 0 0 2 4 4 12 3 0
2 4 6 0 2 5 2 0 0 0 6 3 7 4 0
1 3 1 1 1 5 3 0 0 0 1 8 23 3 0
4 7 5 4 2 6 3 0 1 0 4 1 17 4 0
2 5 6 1 1 11 4 1 0 0 7 3 13 4 0
0 5 3 1 2 5 12 1 0 0 7 14 18 2 1
0 6 2 0 0 4 0 1 0 0 5 4 15 4 1
4 6 0 0 2 7 3 1 1 0 6 3 18 3 0
4 8 3 0 4 5 1 1 0 2 4 6 14 4 1
2 2 1 1 2 4 2 0 0 1 4 7 17 5 0
3 1 0 1 3 4 4 1 3 0 10 3 7 6 0
4 0 2 0 1 3 6 0 0 0 9 0 16 3 0
5 7 3 1 2 4 1 0 1 1 8 3 20 1 0
1 1 5 2 2 4 0 3 1 0 3 2 11 0 2
3 9 1 2 2 9 4 1 0 0 7 1 13 2 0
2 8 1 1 2 9 4 0 2 1 1 5 18 3 0
2 3 3 0 5 7 5 1 1 0 6 6 26 2 3
2 4 5 0 2 7 7 1 1 0 11 5 30 7 1
3 9 7 1 1 8 3 0 1 0 12 1 14 7 3
3 3 4 1 2 7 4 0 0 0 13 5 13 5 1
4 5 3 0 0 9 3 8 3 0 16 4 15 4 1
7 5 1 1 0 8 6 0 1 1 5 5 23 14 1
5 6 4 0 1 3 12 3 2 0 8 6 30 5 2
4 6 3 0 2 9 9 2 3 0 11 7 26 8 1
3 11 6 2 3 13 5 2 2 1 10 12 24 6 2
7 13 4 1 4 18 4 1 3 2 13 6 26 5 0
1 8 9 3 8 8 12 3 3 1 12 6 52 8 1
5 4 8 4 2 12 4 2 0 1 15 8 29 6 3
4 4 4 0 3 13 11 5 1 1 12 12 31 5 0
5 2 5 2 1 25 6 0 2 2 10 6 42 3 2
4 8 5 5 4 13 9 1 0 1 10 13 50 3 0
10 12 8 2 5 20 14 0 1 3 28 11 60 8 2
20 14 9 2 4 24 8 4 4 4 22 12 50 6 4
13 16 6 3 5 16 9 8 3 1 17 8 49 16 2
10 6 4 1 5 15 6 5 0 5 14 11 43 10 0
50 87 69 17 23 108 55 29 20 23 169 80 242 78 26
41 74 47 6 25 114 74 19 14 13 165 90 259 86 13
41 52 46 6 28 80 31 13 18 6 133 69 206 66 7
34 66 33 3 14 77 55 20 10 8 115 38 182 70 9
39 46 30 9 7 95 45 11 12 6 104 53 176 46 4
39 51 29 14 23 77 44 24 22 16 74 45 171 54 5
34 52 26 3 18 89 45 20 10 8 71 53 176 64 16
47 41 35 11 24 85 51 23 13 7 86 56 195 55 14
110 169 97 21 64 291 154 77 31 27 350 145 567 156 42
73 154 61 28 55 182 119 40 31 16 261 93 382 130 32
73 98 47 12 33 106 70 22 12 20 134 87 241 72 20
121 174 108 32 77 282 127 71 34 24 334 180 563 195 32
86 151 85 25 64 254 120 25 54 25 292 115 479 153 29
19 37 28 6 12 57 38 7 6 5 65 30 98 34 6
35 41 52 6 8 91 42 14 7 9 86 44 143 58 14
49 41 27 10 22 52 36 10 5 3 79 47 174 44 8
34 57 34 13 15 79 61 27 15 11 135 63 241 67 33
58 81 65 15 30 129 98 33 21 11 188 82 294 82 14
68 58 77 24 44 149 84 39 25 14 234 91 355 105 24
69 90 74 18 44 156 92 41 21 15 205 96 361 92 26
76 78 100 13 39 180 80 30 20 14 250 109 337 67 25
60 82 47 13 40 136 84 26 15 14 186 85 333 95 14
85 77 58 7 33 171 85 44 17 13 193 75 322 90 20
78 101 59 20 40 142 91 42 17 15 149 91 346 95 20
52 82 48 17 29 190 88 31 23 22 171 94 341 87 18
61 74 63 27 39 210 83 24 14 7 205 98 379 106 22
77 117 73 17 29 178 85 37 6 8 190 105 489 74 12
107 115 87 25 52 270 139 25 10 9 307 127 590 137 34
49 79 61 14 31 183 95 24 10 7 185 90 378 94 14
59 74 43 27 17 146 85 33 9 6 152 73 385 75 16
40 58 68 19 22 175 99 19 10 7 159 81 378 70 13
17 60 45 4 16 157 66 7 3 2 109 48 310 56 4
22 42 17 6 19 99 52 6 3 4 69 25 188 35 6
12 19 23 7 7 61 29 3 4 1 43 20 92 19 0
8 19 11 2 3 41 15 4 4 0 42 27 89 21 1
8 25 10 2 7 32 21 7 4 1 35 23 92 22 3
4 23 10 4 4 30 23 11 6 0 40 13 57 17 3
11 18 5 0 8 21 11 3 3 5 26 11 48 9 2
4 14 3 2 7 25 18 2 1 2 25 14 40 16 3
7 15 9 1 7 12 7 3 1 2 19 11 33 12 4
4 13 5 2 4 12 7 2 1 2 22 11 27 11 1
5 16 7 0 4 15 10 1 0 1 15 11 29 7 2
3 5 4 1 5 19 11 4 2 0 13 6 28 8 0
8 5 4 1 2 16 6 3 1 0 12 5 28 6 5
7 4 6 2 1 11 12 1 3 0 15 7 27 6 0
4 14 5 1 2 8 7 2 3 1 18 6 33 9 2
5 6 7 1 4 10 3 4 2 0 11 2 24 8 1
2 2 3 1 2 10 9 1 2 0 10 6 26 7 1
5 16 6 1 5 8 6 1 1 1 15 5 28 2 0
1 6 1 1 5 10 9 0 4 1 5 2 22 8 0
4 10 3 0 2 17 4 1 1 0 6 4 25 5 0
8 6 6 2 1 16 1 1 1 2 10 5 25 3 0
2 9 5 0 1 14 13 1 0 0 15 3 21 9 0
4 11 3 0 2 5 5 0 1 0 9 4 27 6 2
5 2 5 1 4 6 3 1 0 1 15 9 21 6 1
6 8 3 1 3 10 7 7 0 0 11 6 14 3 0
3 4 3 1 1 13 4 0 2 2 3 2 11 2 4
0 12 6 2 0 14 4 1 0 0 5 4 14 5 0
2 2 4 0 2 6 3 3 1 1 9 5 22 3 1
2 5 2 1 1 8 8 4 3 0 4 7 14 7 0
6 8 3 0 4 4 6 4 2 1 7 6 23 6 0
2 5 3 0 2 8 8 1 2 2 3 4 21 1 0
7 7 4 1 1 5 1 1 4 0 7 2 29 5 0
0 5 2 2 4 13 5 3 0 0 9 5 18 9 2
5 5 6 0 2 11 1 1 0 0 5 4 30 2 0
5 2 0 1 2 10 5 0 1 0 8 4 23 6 0
3 4 3 1 1 11 8 0 1 1 11 4 21 2 1
5 8 3 1 3 7 6 1 3 0 6 3 20 6 1
1 7 2 2 1 12 3 2 1 2 9 2 17 2 0
3 6 5 0 1 10 6 0 3 0 13 1 15 6 0
3 6 3 0 0 9 7 0 1 0 4 3 13 4 1
1 1 1 1 0 4 5 1 0 0 16 2 20 1 0
1 10 2 1 2 10 2 0 0 0 7 2 20 4 0
4 6 4 0 2 8 1 0 0 0 3 6 20 1 3
8 11 3 1 2 22 8 0 0 0 9 7 34 8 1
8 12 15 1 1 17 10 1 3 0 11 11 34 10 3
3 11 13 2 3 25 8 2 0 0 24 6 35 9 0
7 5 5 0 5 13 5 0 1 0 16 4 29 3 4
6 7 7 0 4 19 9 3 1 0 22 14 29 8 3
5 8 9 1 3 17 8 0 10 1 12 8 26 8 0
3 10 6 3 8 8 11 3 2 0 12 6 40 4 0
5 4 4 2 3 13 4 2 1 2 13 7 27 7 0
3 6 4 3 2 8 5 1 1 1 16 6 27 5 2
2 8 2 1 4 19 5 1 1 1 5 4 20 4 0
2 1 3 0 3 15 3 3 0 0 9 3 24 5 0
1 11 2 1 2 6 4 0 0 0 11 6 21 2 0
0 1 4 0 3 5 1 1 0 1 7 3 9 4 3
0 6 2 3 1 5 2 1 2 0 4 3 19 1 1
1 3 1 3 2 4 4 1 0 1 10 4 19 1 0
1 3 6 1 0 5 2 0 2 0 6 1 15 3 1
2 5 3 0 1 5 2 1 3 0 9 2 6 1 2
2 3 3 0 2 9 2 2 0 1 7 2 13 0 0
3 3 2 1 2 6 0 0 0 0 7 2 13 1 0
1 1 3 0 2 9 0 1 1 0 4 3 10 4 0
3 2 9 1 0 5 3 0 3 2 8 5 25 1 1
0 5 3 2 5 8 1 2 0 2 13 4 17 2 3
