3.277777777777777679e+00
4.222222222222222321e+00
3.333333333333333481e+00
2.916666666666666519e+00
3.388888888888888840e+00
2.972222222222222321e+00
3.722222222222222321e+00
3.750000000000000000e+00
5.500000000000000000e+00
3.472222222222222321e+00
4.111111111111110716e+00
3.722222222222222321e+00
3.166666666666666519e+00
3.027777777777777679e+00
3.083333333333333481e+00
3.694444444444444642e+00
3.611111111111111160e+00
3.472222222222222321e+00
2.888888888888888840e+00
3.250000000000000000e+00
2.972222222222222321e+00
2.888888888888888840e+00
3.916666666666666519e+00
4.111111111111110716e+00
3.722222222222222321e+00
3.750000000000000000e+00
3.750000000000000000e+00
3.138888888888888840e+00
4.250000000000000000e+00
2.888888888888888840e+00
3.361111111111111160e+00
3.472222222222222321e+00
3.194444444444444642e+00
3.583333333333333481e+00
2.611111111111111160e+00
2.805555555555555358e+00
2.861111111111111160e+00
3.444444444444444642e+00
3.444444444444444642e+00
4.055555555555555358e+00
5.250000000000000000e+00
3.472222222222222321e+00
3.638888888888888840e+00
3.305555555555555358e+00
8.158333333333332860e+01
7.925000000000000000e+01
3.580555555555555713e+01
4.138888888888889284e+00
3.833333333333333481e+00
2.666666666666666519e+00
3.611111111111111160e+00
4.111111111111110716e+00
4.055555555555555358e+00
3.083333333333333481e+00
3.722222222222222321e+00
3.166666666666666519e+00
4.166666666666666963e+00
3.583333333333333481e+00
3.361111111111111160e+00
3.777777777777777679e+00
3.750000000000000000e+00
3.333333333333333481e+00
3.333333333333333481e+00
3.083333333333333481e+00
3.694444444444444642e+00
4.027777777777777679e+00
4.222222222222222321e+00
3.833333333333333481e+00
4.083333333333333037e+00
5.166666666666666963e+00
4.750000000000000000e+00
4.722222222222222321e+00
5.166666666666666963e+00
3.972222222222222321e+00
5.222222222222222321e+00
5.805555555555555358e+00
4.861111111111110716e+00
6.888888888888889284e+00
8.166666666666666075e+00
1.091666666666666607e+01
7.888888888888889284e+00
6.638888888888889284e+00
8.027777777777778567e+00
9.166666666666666075e+00
1.036111111111111072e+01
1.063888888888888928e+01
9.111111111111110716e+00
8.000000000000000000e+00
6.980555555555555713e+01
6.941666666666667140e+01
5.300000000000000000e+01
5.063888888888888573e+01
4.694444444444444287e+01
4.091666666666666430e+01
4.513888888888888573e+01
4.469444444444444287e+01
1.553333333333333428e+02
1.129722222222222285e+02
7.172222222222222854e+01
1.567500000000000000e+02
1.289722222222222285e+02
2.997222222222222143e+01
3.933333333333333570e+01
4.530555555555555713e+01
6.025000000000000000e+01
7.572222222222222854e+01
9.113888888888888573e+01
9.319444444444444287e+01
1.003055555555555571e+02
7.952777777777777146e+01
8.338888888888888573e+01
9.475000000000000000e+01
8.886111111111111427e+01
9.544444444444444287e+01
1.002222222222222285e+02
1.400833333333333428e+02
9.325000000000000000e+01
8.513888888888888573e+01
7.869444444444444287e+01
6.563888888888888573e+01
4.625000000000000000e+01
2.036111111111111072e+01
1.902777777777777857e+01
1.802777777777777857e+01
1.508333333333333393e+01
1.233333333333333393e+01
1.183333333333333393e+01
1.094444444444444464e+01
9.027777777777778567e+00
8.972222222222221433e+00
7.638888888888889284e+00
7.944444444444444642e+00
7.222222222222222321e+00
7.444444444444444642e+00
7.055555555555555358e+00
5.888888888888889284e+00
6.555555555555555358e+00
5.611111111111110716e+00
6.166666666666666963e+00
6.694444444444444642e+00
6.138888888888889284e+00
6.083333333333333037e+00
5.694444444444444642e+00
4.833333333333333037e+00
6.222222222222222321e+00
4.472222222222222321e+00
4.888888888888889284e+00
5.361111111111110716e+00
5.333333333333333037e+00
4.388888888888889284e+00
4.333333333333333037e+00
4.361111111111110716e+00
4.750000000000000000e+00
4.888888888888889284e+00
5.277777777777777679e+00
4.583333333333333037e+00
4.750000000000000000e+00
4.055555555555555358e+00
4.111111111111110716e+00
4.361111111111110716e+00
4.555555555555555358e+00
4.111111111111110716e+00
7.694444444444444642e+00
8.527777777777778567e+00
8.388888888888889284e+00
8.888888888888889284e+00
7.527777777777777679e+00
7.694444444444444642e+00
8.722222222222221433e+00
6.333333333333333037e+00
6.694444444444444642e+00
5.083333333333333037e+00
5.611111111111110716e+00
3.944444444444444642e+00
4.388888888888889284e+00
4.500000000000000000e+00
3.138888888888888840e+00
3.694444444444444642e+00
3.666666666666666519e+00
3.583333333333333481e+00
3.972222222222222321e+00
3.694444444444444642e+00
4.222222222222222321e+00
4.055555555555555358e+00
